189 ¹ 1. Locl THEOLOGIGI GERMANlcssz C. TERTIA EORUM AETAS. Μ

1111111111. [5.] (mentre 111, 111 1111- 11 11111111 11111111 111 11111111111111111111111111111111 1111111111
11111111 11111 111111. &ieie 6111111111 111 1111 11111. 111 Ρὼ111111, 111 111 1111111 (1111111 1111111111 1111111,
1111 11.
, 1111111 111 1111111111111111)11111111111111111111
11111 111 111111 1111111111, 11111111 1111111 ἓ1111111)1 1111111111,111111111111111111111111111111111111, tow
1111111111) 11, 11111. 11. 14.) 111111 11111 1111111111,111 111111 11111 111116111111111111. 111111 111 ῷ11111111
111,11111111111111111111111111. 6111111111111111111 1111 1111111 111111111111111111111 1111111111, 1111111111
11111114) 11111111 1111 11111111. 11111 11111111 11111111 111. 11111111. 111. 131] 11111111
ι . 1111 id) 1111, 11111 11111111111111111111111111 *mena
11111111116111111111111111111, 1111111111 111111 1111111 111 1111. 11111 111 11111111 111111 1111 1111111111
1111 11111111 111 1111111111, 111111) 111 11111111 Ε11111111 111111 (111111, 11111 111 1111111111 111111 11111111 111. Sum, 1.
11111111111111111111111 1111111111 11111111 11111 11111. 311). 1. [16.] 111111 1111111111111 1111111 gum tube, 1111
11111111 1111) 11111111111111111111111 1111111111 1111111 111 1111 111) 111111, 111 11111 111 111111 1111.
111111, 111111111111111111111111111111111, 1111111 111 1111 111 (1111111111111 11111111 1111 1111 11111111)
1111111 1111111 111111 1111111111 1111111111, 1111 111111 111111111111111111111111111116111111111111.[261]
111111. 1111111111111111111111111111, 111 111 1111111 11111,111111191111111,1111111111111111111)1111111111αῲ
11111111111111111111 6111111, (51111111 111 1111111111 11111 11111111111111111 111 11111111 1111111111, 1111111 1111
31111111 111111 11111111 111). 111111 1111111111 1111111 1111111 1111111 111111, 1111111 1111
(111111 11 11111111111111 111111 1111111111, ,111 1111111111) 1111111111 (11111111 11.
61111111 1111111, 1111111, 11 1111) 11111111111111111111111, . .
11111111111.11111111...1”11’15111111111 11311111)1111111111111111111111 11111
61111111111111111111111) 111111111111111111116111111 1111, 11111 111111 111111 gu 1111111111, &unbem 11111
1111· · ’ · · 1111111111..11111111111111111ἲὲ1111ὲῖἒέ ’

111 11111111 111 1111111, 111 11111111 1111111111. 11111111 111111111111111. 11111111), 111111 11111111. 111111
11111 11111111, 11111111 11111111 91111111, 111 (1111111111) 1111111111ῑῦ1[111111111111111111111Ε111111111111Λῑ1111
5111, [aum 11111111 116) 9111111111, &unbem (111'0' 111 1111 11111 111111111111111 111118111111111111111, 61 1111161111
111 111111 11111111), 111111, 11 1111111111 11111111111111111 1111 1111111 1111111111 1111111 1116 (1111111110 1111111· 9111
1111111111111111. 111111 11111111111111111) 11111111. Qun 1111 111 1111111 13111111 1111111111. 61 oum 11111

111111111111111) ὓ11111 111111. 2

1111 111 111 111 1111) 111111 1111111111 1111111111 , ,

11111111, 111111 111111 111111 111111 1111111171 1111111 gut ‘10⁰ 1111111111 1111111. 1111111, 11 111 11111111 11111·
1111111111111111 (111111111111111111111111111111111, ’1111 11111. 1111111111 111 6111111 11111111 1111111111 1111111
111 111111 111 1111 1111111111111111111111111111111 'duem 9111111.Θο11111111111. 11111111111111111111
§oue 1111111111111111111111111111 61111111, 1111 111 1111111 bess, 1111 fv 111111 111111 1111111111) 111 6111111ο 1011111. 11
111111 1111111111111111111. {Deua 11111 11111111 111 111111η) 11111111.1111111111111111111. 1111111 111111 ·
111111 1111111111) 1111111 11111111, 11 1111111 1111111 31111111 1111111111·
11111111111111111111111 111 11111111 1111111111 1111111111. ·

&a 1111111 11111 11111111111111111111111, 111 93011111 &W 111 1111 11111911 (adst

11111111111111111 1111111111 111111ῐί1111 (1111111111

11111. 511111111111111111111,11111111111111,11111111, ‚ ,

&ic 1111111111 1111111111 1111111111, 11111111111111111 111. Ε· 91111ϋῇ111116 1111111111 ”nb 11111 1111 ,15111111 111 1111

11111111 111111 1111111111 1111111 111 1111111111, 61111111 1111111111 (11111. 1111111111111113) 111111. 1ο 1111111111ῑῴ1

1111111111, 1111111ιί1111 (111111111111111. 1111 1111111 11111. 11111111 1111111111, 1111111811111111111111111111311111111

111 1111 11111111 1111111111 1111 1111111111, 111111111 11 111111 ’

(1111111111, 11111111 11111111 111 111111111111111111, 1111

1111111111 111 111111, 1111111) 1111111111, 111111 11111) 11111 8))11111111111111111· 14111111
1)1111]1;1111.1-4.11 ’

4) 11111111] Ed. 1. 1111111111 10) 1111111] Edit& 1. 2. 1111

ff) 11] 111) 1111111. 1. 2. 111111. '11) 111 1111111111. l. 111 11111111

β) 1111111111] Ed. 1. utroque loeo: 1111111111 12) 111111] 1111111. 1-1. 9. 11. 1111111

’1) 11111111] Ed. 1. 11111111 1³) 111111111111] nb Edi& 1. 2. 111111

 

