75 · PHlL. MEL. scRfl’rA DOGMATICA. 76

111111111111111,11111111(1111111111,(1111111111111111 1111111 111111 ῧ1111111111111111161111 ,1111111 1111111, 111
1111 111111111111111111111111,1111111111111111111,6111111 111111 1111111111 11111111, 1111111 11111 11. 111111111111111
111111111111111111,1111111111 11111111,1111111111111111111111, 1111111111111 11111111, 111111111111111111111111, 1111
” 11111111111111111, 1111111911 ,11111111,11111111111,111Ι111 1111111111111111111111111,11111111111111111111111, 11111111·
a 111 1111ἓ1 111111, 11111 111 gon 111 1111111 1111111111, 111111 111111111611111111.
1111111311ιῖ 1111111131ε11ἒ1ἷῄ11111 1ῡ1ωὲξιεζὸῗιὲἒζῖῑῶἶίῄῗηὶηξῖ (1121111111111111, 1111111111 11111111, aud) 1111 11111
11111111111111111111111111111111111111111111111111111111, 1111111111 “² “uffmd't' “1⁶ 111111 ”m Qun ffln' ‘'¹³“ ‘⁶ 11
1111 1111111 &ott 111 11111111 1111111, 1111111 111 1111111111 11111 ‘mm’ 11111111 ⁸¹¹ 1111111111]
111, 111 1111 11 111111 1111111 111111111111111, 1311111 11111

1111111111. 111 11111111, 111111111111111 1111 M 1111111111, 111111 1311111 1111111

11111111111111 1111111111,111111111111111111, &⁰115 1111 1111111111111119111, Θ111111118 ,

111111 111111, 1111111 1111111111 1 1111111111·

1111111111111111111111,111111 1111111111 1111111111 111 , . ,
menet. 111 11 flamia„ 11111, gau, 111111111111 gt: (1111 111 11111 1111111111 namt gebtlbet, 11111111
11111111, 111 1111 11111111 (111 &nubem 111 11111111 111 1113111 111 1111111, 111 111111 1111111111, 111 man

.1111111111111111111111111 sm 11 ran, 11 w 11 mse

1111ηὲ11111 1111111 11 1111111111 111111 111111, 11111 1111111111 1111111189) 11111111 ,111111111111 1111 1111111 ἓ111ὶ111111111 111111
11111111 111 1111, 111 1111111111, 11111111 1111111111 11111 en, 1111111110) 1111111111 111 11111111, 11111, Μαι

πωῦὶπιῖαιῢῶ 111 111 611111 1111111 1111111111,Ι 51111 111111 111 111111 ἓῗῌίἠὲΰὲἓ &Subggvgg'mzfnsstsaemffitffiffl 3³⁸1&quss

Οὖωῖξῖιιῖἶΐ 11311 2111111, 111111111111111111111111 1111111111 „nb ΝΠ mmm·

baffi& tum. ΘΒ W W &m ba mg smel! »nb 111 ist 111 111111111111111111111111, 111 111 11111,

1111111111111 ”ff 1 1 111 1111111111,1111111111,
3111111111. &a [111111111111111111111111, 11111111 &om 111 &faga 11111111 11111, 1111 1111 1111
111111 1111111111,111111111111111111111111. 31111111 1111118111111111111181111111111111111111111111111111111·

111111ἑ11111111111111, 111 1111111111, 111111111111111111ἓ1 111111 11111 11111 111 1111111111ηᾷ 111 1111 11111 1111

, 1111111, 1111 11111111 11111.

Sum, 1111111 1111 1111111 31 1111 gethan b„ mm 1111111 11111111 111 111 111 11111111111111) 1111·

11111 1111111111 11111, 11311, 1111 11111111 1111111 1111111 11111111 1111111111 ”nb 1111111111111111111111 1111111111 1111 11111
11111111111131. 1111111111 1111 1111111111, 11111111 1111111 ιη 1111 &na

. 311,111111111111111111111,11111111 1811111111111111111111111111,1η11111111,11111111 ’
111111111111111. 11111 111111 111 nuum, 1111 man 1111111111111111

1111111111. &a 111111111111111111111111111111 91111111511111111111111111) 1111111311111111 ”nb 6111111
1111111111, 1111 cin 11111111111111111111111, 1111111111 an: 1111 11111111 1111111111 [11111.

111 11111111, on 1111111111. 1111111111 11111111111111111111 (11111111 ubet 1111 id) 11111 1111111111 11111 ba& 11111,
111, 11 11111111111111111 (11111 (1111111111 11111111 1111111 ffietfnn' futss etum

111 11111111ηᾶ 61 111111 1111 111 11111111 11111, 1111 11111,

111 1111111111 11111 111111111111111, 111 11111111111ξ111ι - , .
Ι1111111111, 11111 1111111 11111111 1111, 111 11111111 jn. ι 1131111111, 111 111111 111 111111 1111111 nst, 1111 111 111111

31111, 11111. 1111. 111111 111 11111 1111 111111, 1111111111, 111 1111 111111 1111111111, ist 11111) 1111111 1111 11111111 ”nb 1111111111
1111111111 1111, 1111111 1111 1111, 111 in 111 auen 111. bat bulg, 111 11111111111111111111111 1111) 1111111111,
111111111111111,11111111111111111,ἓ11111111111111

111111ι ml, 111 11) 111111111111111 11111111111111 1111111111, 11111111, 11111 in 111111, [unbem 111111111111,

111111111111111111111111111 11111111 111111111111
,

1111111. 1111111111111111611111Ὕ111111111111111 1111111111 11111111 1111 11111111 11111111 mma 11111 1111111
111111,1111111111,11111111 ,,,,,,,,-
¹ ⁴ 1111111111111111-1. 11.,Οοη1. 1-7.ι1111.
40) 111111] 1111111. 1. 11111

111111111111111111111111911111«111111111111111111 111111] 111111· ⁵'.⁶' 11111·
111111 ρ ἳὲἑί 1111111111111111111111111[11 1111111111] 1111154· ⁹· ¹¹· 111111 111
111111 11111 ,11111111 ,1111 1) aaa] 1- 1 0011>- 1
ἾΞἩἭὛῦέἱβι ⁰¹¹ ”⁰1⁶0 1⁰¹⁸ 11111111· 44) 1111111111] ab 111111 1. 6. ubam

. y n, «in ,ἰὼ mia, „fa m] ,η „m 3, 44 m, 11111111. 11) 1111 111111 111111 1111111, vem 11 β11111111 111] 11111. b. 1.
1111110111 tw. 1111111111 111111 1111111111 wc 11.

111111 1111111, 1111111 111 1111111
“WWWWW

 

