111 ’1.1111111]101111111111111111111111111111 AETAS. , 111

1111) 1111 11111111 1111 11111111, <30 1111 1111111111 1111 111 111111 1111111117) 1111111111, 1111111111
1111111111 11 11111 111111111111111111 1111111111, 111ξ1ι 13111111 1111 1111111111118) 111 1111111111 111111, 1111
111111, 111 11 11111111,1111111111111111111111111111 1111 111111, 1111 1111111 111111 (111111 11111 1111111.
111 mit 11111111 (1111111111111, 1111 1111111111 (111111 1111 11111119) 1111, 111 111 1111111111111111111,
11111111111111111. ’ , 111 1111111 Ι1111111111 111 1111111111 11111111. 311 1111111111
, 11111 1111 131111, 1111111111111111, 1111111111, 1111111111
111111111111111111111ᾥ1111111111111111111111111111) 11111 11111 111111111111111111111111111, 111111 11111
111 1111111 111, 11111111) 111 111 11111111) 111 11111 111111111111111111 111 1111111111, 11111111 1111 11111111
1111) 1111111111 1111, 1111111111) 111111 11 1111111111 1111111 11111111. ⁷⁰) 11111111 111171) 1111111111 11111, 111 1111
1111,1111111111111111111111111111, 111111 11111 111111 11111, 1111111111,11111111111111111111111111
111 1111111 11 1111111. 11111 11111111. 11. [111] 111 111ᾖ111 1111111171) 11111 111 11111111 11111111 111 ,
1111111 1111111111111111111, 111 111 111 1111111111 11111 111111111111111111111 11111, 111111 1111, 111 1111
111 11111 11111111 111111 11111111· 111 11 11111111, 111 11111111 (11111111111111, 111 111
. , 11111111 ’11 111111111111111111111.
1111 111 61111111, 111 11111111 11111111 11 (11111
111111 111 111 11111 1111111) 11111111. 1111 11 111 1111111
111 11111111 (1111 11 11 111, 111 11111111 11111111) 111111, 1111111111111111, 1111 1111111 1111 111111111111111
11111 1111 11111111111111111, 111 11113) 111 11111111 111111111111,1111111111111111(11111111, 11111
11111, 1111111 111 11111111 11111 111 11111111 1111, 111111 1111 1111111 11111111, 1111 111 1111111111 (1111111111
1111111)111111111111111,11111111111111 111111116111111 1111 1111111111 111111. 1111111 111111 1111111111, 111
111 11111111 11111111) 11 11111. 1111111111111111111111) 111111111θ1111111111111, 6111111 111111111111
111111 11111 11111, 11111111 111 (111, (1111111111 11111 1111 1111111, 111 1111111111) 111111111111 111111 11111
1111111111,11111111111111111111) 1111111, 1111 et 111 111 1111 11111111, 111 Ε. 11111111 1. 1111111). xiiii. [411]
abtin. 11111111 11111111 1161111111, 1111111111 111 1111111111 111, 11111111111111111111111111 11111111
11 1111111 11111111 11111, 1111111114) 11 11111111 111, 11111 111 11111 1111111 1111111111) ,
111 1111111115) 111111 111111 1111111111 1111 111111 11111111
1111111 111 1111111 1111111. 11111 11 11 11111 6111111, 11111111 1111 11111111, -
’ · · 11111111111,1111111111111111111111111111111,
1111111 11111111111111111111, 11 111 1111111111 1111111111, 11111111 111 1111111 1111 1111111111
1111111 11111111, 1111111111111111111111111111 111 111 11111111 111 1111111111 111111111,-1>111 111111 1111111
1111111 111 81111, 1111 111 11111111 1111 11 111111111111111111,11(111111111111111111111111
1111111111. 1111111 111111 1111111111 11111111) 11111 1111 11 11111111611111111111111111111 11111111,
111111 6111111111 ὅ. ‘Bauli 111111. 11. 1111. [1. 16.] 11111111, 1111111111 111, 1111111 11 111111111111111
1111 eug 1111111 1111111111 111 11ἓ11 111111 1111 111111 1111ξ11 111111 1111111111 11111 11111111, 31111,
11111. 111, 1. 111111. 1111. [l - .] 1111111 11 11111111, 11 11111111 111 11111111, 11111111 111 111 11111
111 111111 111 111111, 11111111 1111. 11111 11 1111111 1111 11111, 111 1111111 1111 11 111 1111111111.
11111111 11111, 11111111 111111 1111111 1111, 1111111111, 111

111111111111111ὖ1111 1111, 111111θὶ1111 isthmum 111 ¹⁹5⁴ 1111 1111 111 1111111111 1111111111111111111 111
”mm- · 1111111 11111 1111111111 1111111 1111111111) 11111111 1111,
111 11 11111 ῦ111111 1111111111 1111 111111111111111

11111 111113. 1111111 1111 1111111 111 1111111111 (91111116 1¹th [111 116 et vfbmlssss 1111111111 ‚ {vum mit
111111111111111,11111 1111111111111111111111111 11611911 mmm 1111111 1111111 1111111 ‚Qa- 9⁰³³
11111111111111111111)11111111111111111111111· 1111 md„ 11111 ὃίῑῐ. 111 1111911111 111· 91111111
,1111111111111111 1111111, 1111111111111111111111111111 11111111116111601111111111111111 (1111171111 ,
11111111. 111111 11 1111, 111 111 111 1111, 111111 111111
1111111 1111111111) 111111 11111111, 11 111 111111 11111111
811111 111 1111111111 1111111111 (1111111111, 111111 1111
111, 1111 111 11111111111111 1111111 1111111111. ·

67) 13111111) corp. 1. 1111111

61) 1111 11111 11111111] 111111. 1-4. 1111 1111111
““““““”·’“ 61) i. q. 1111111, 1111111

1111111111 111111] 1111111. 1-1. 1111111111, 70) 1111111111] 111111. 1—4. 1111111111

13) 111111] Editt. 1-⁷., corp. 1-7,111 · ’11) 1111] 111111 1. 2. 111

14)11111111]Ε1111. 1-7„ corp. 1-7. 11111 11) 1111111111111111. 1-7., corp. 2. 3. 1111111111.
11)111 61111111) 1111111. 1-1., 0111. 1-7. 6111111111 73) 11111111111111. 1-⁷., corp. 1-7. 111111.
111) 1111111111] 111 1. 111 11111111 1 ’14)111111] 11111111. 1-4. 11111.

 

