111 “ 11111111111111111111111111111 nomm 11111. 111

11111111 111 11 111 11111111 11111111 11111 111111 1111111, 1111111)11111111111111111111111111111 1111111, 111
1111 1111111111 1111 111 111 11 1111111. 1111111111 11 1111111 11η 111 1111111 1111111 11η 1111111111 11111, 11111111
111 1111111 11, 1111111111 111 11111111 11, 11η 111 11111111 11111111111111, 111 111 1111111 11111 1111111 11111, 111111 111
11 111111111 111 111111 111111111111111 11 111111 11111 1111 1111. 1111111111 11 111111 11η 1111111111111 11111 111
1111111 11111111111111, 111 1111111111 11 11η 11111 111 6111111111. 11111 1111 11 1111111111, 111 111 1111111 111111 111
111, 111 111 1111 1111111 111111, 11111111111111111 1113111 111111, 11111111 11 111111 1111 11η 1111 11111111 11;
111 1111111111 11111111 11111111, 11111111 111 111 111111 1111111 111111 1111 1111 11 6111111111 «111 111 111 1111111
1111111111 1111111111 1111111 111 111111 111111111111111 111 111 11111111) 1111 1111111 11η 1η 1111111111111111111η11·
1111 111 11111111 1111111111 11111 1111 111111 1111111 11 1111111111 111111 1111111111 1111 11111 11111111111 1η 111111. 1η
1111111111 11111 111111 1111 1111 111111 111111111 11 6111111111 11 111111 11111111 11η 111 11111 1111111111 111
1111111 11111111111111111 111111111111,111 1111111111 111111 1111111111, 111 1111111111. 1111 1111 11111 1η1 11111111.
&iet 1111 1 111111111 11η 111111 1111111 1111 1111 1111111 1111111111 11111 111111. 111 111 11η 11111 1111111111 1111111
111 111111. mit 11111, 11 11 11111 11111111111111 1111 11111111, 1η 1η 11111111111111111111111, 111 11 111111 1111 1111111,
11111111111111111111111 1111111111111 11111111, 11111 111 11 111111 1111111 111111 111111η 1111 11111111 11111111
111111. 11 11111111111111 1111111111 11 11111111) 11 1111111 111 111 1111111, 11111111 11η 1111 11η 111111 1111111111,
1111 11111111111111111 1111111 1η 1111111111111111, 1111 1111111111111 1111111111 11 11111111111111111111, 111111
1111 1111111111111111111111. 1111111 11111 1111 111 1111111111111111111111111, 111 111111 111 1111111111 1111 11111
’ 11111111, 111111111, 111111111 1111111,1111111 111111111111 11111111. 11111111 11111111111ηι
1111111111111111111111111111111111111111111111111111111111111111.111111111111111111111
1111111111 11 1111111 11111111, 11111111111111 11111 1111111111 11111. «111111 111111111111111 11111 11111111 111
111111111111111 111 11111111111111, 111 111111111111 111111111111111111. 1111111111 11111 1111 11 111111 11111111, 11 111111
1 1111 111 111111111 1111111111, 111111 11111111 11111111. 1111111111111, 11 111111 111111. 1 1111 1111 111 1111111111111
11 1111111111 1111 11111 11 11111, 111 111111111 1’ 11111111η111111111111. 11111111111111111 1111 1111 11 111111 1111111 “
111111 1111111111, 111111 11111, 11111 111 1111111111) 1111 1111111 111111 1111111 111111, 11 11111 11 111 111111 1111111
11111111111111111111111, 11111111111 1111 11111 1111111 1111111, 1111111111 1111111111 111 1111111 111111111111111) 1η
1111 111 111 11111111 61111111, 111 1111111 1111 1111111111 1111111 11111111 11 111111, 11111111111111111, 111 1111111
111) 11111 1111111 111 11111 111111, 11 11111 111 111111 11111 11111111 111111111111111111111. (11111.31111, 11111
1111111111111111111 1111111 1111111111, 11111 111 1111111111 1111 1111111111111111 111 11111 1111111111, 111111
11111111 11111 1111, 1111 1111 1111111111, 11 111 1111 111111, 1111 111111111, 111 111111 1. 1111 11 1111111111111 1111
111111111. 11111 111 1111111, 111111111111111111111, 1111111 1111 111111111111111, 11 1111, 1111111111 111111 111111 11
111111 (11111, 111111 11111 1111111 11111111 1111111 111 1111 11111111 11111 111111 11111111, 1111111111111 11111 111 111
111111) 111 111111 1111111, 11 11111111 1111111 11111 111111 11111 111, 111, 11 1111, 11111, 111111 1111111 111 111111 111111,
11 11111111, 1111111111111111111, 11111111 1111 111 111 1111111 1111111111111111111111111111, 1111111 111111 11111111·
11111111111111111111, 1111111111111111111111111 111111 1111 1111111), 111 111111 1η 11111111, 111 11111111 11 11111111
11111, 11 11111111 1111111111 111111 111111111, 111111 11 111 11η 111111, 11111 111 11 1111111111. 111 1111 111111
111) 1111 1111111 (111 111 11111111111111)11111111 11111 111111, 11111111 111 1111 1111111111111 11111111 1η 1111111111.
1111111 1111 11111 1111 1111111111 111) 11 111111111111111, 1111 111 11111111111111111, 11 111 11111111 11111111 11
“ 1η 1111111111 1111, 11111111111111 111 111 1111111. 1111 1111 111 111 11 Ρ11111111111111 111 111111 1111111111 1111
111111 111111111111111. 11111111111111 11 1111 1111111111 1111111111, 1111111111111111, 1111 111111111111111 11111111111;
11111111 111 111111 1111 111111, 11111111 111111 1111111111 1111111 111111 111111 111111 1111 111 11111111, 1111111 11 1111 111111
111 11111111, 111 11 1111111111, 111 1111 111 1111 11111 111111 1111. 1111111 1111111 111 11111 111111 11111111, 1η 11111111,

1111111111111111111111111111111111111111111111111111. 1111111,11111111111111111 111111111111-111111111· · ·

, 11111, 111111 1. 1111111111, 1111 1111 11111 11111111 1111111, 111 11111 111111111111111, 11111 111111111111111111111 ’
1111111111 111111111, 1111111111111111111111111111111. 111 111 1111 11111 1111111, 111 1111111111 111111111111111111111,
11111111111111 11111. [11111111 11111 111111, 111 11111111111111’11η11111111 111 1111111) 1111111111 1η 1111111. 1111111111
11 Sacramenten. 111111111111111 11 11111111, 111111 11111111 11111111 111 11111 1η 111 1. 1111111111, 1111 11111) 11111111
1111, 11 111111111. 111111111111111111 1111 111111111111111. 1111111111 1111 111 11, 11111111 1111111 1111111 111 111·
111111, 11111 1111 11111111, 11 1111111111111111, 1111111 1111111111 11111111111111111 11 11111 111111 11 1111111111
1111111111 111 111. 1111111111 1111 11η 1111, 111111 11111 111 11111111 1111111 111111, 1η 11η 1111111111 111 11111111111111
111 111111111111111111111111111611111111111111 1111111 11111111. 111111 1111 111 11111 111 1111111111111 mmm
111111111, 11 1111111111111111, 111 111111111111111111111 111111 111 1111111111 111 11111111111111111, 1111111 111 111
11 1111111111111 11111111 11 111111111111111111. 111 11111, 1111111111111111 11111111111 11. 111 1111 1111111 11161·
11111111 1111 111 111111 11111. 1111 11 111111 1111111111 11111, 1111111111111111111 111 ῡ111111η 111 11111 11111, 111 11η
1111111 111111 11111 11111111, 11111 111 1111 111, 1111 1111 1η 111 1111 111111. 1111111 11111 111111 11111111 111 1111111111
1111111111. 111111 111 1111111 11, 111 1111111111 1’ 1111111111 111111 111111 11111, 11111111) 111111 1111 11111 111111, 11111111
1111 11111 111111111111111111111, 111 111 11111111, 11111111111111111 1111 1111 11111111, 111 111111111111111111

44·

 

