¹ 111 ’ 111111111111111111111111111 , 111

11111111) 11, 111111 111 111111, 11111 111 &on 1111111 1111111111 11111 1111111111, 1111111111 11111111 11
11111 1111111, 111 1111 1111111111 11 111111 111111 11111111. 11111111. 1111111111111111111111111111111111111111 -

11111 11111 1111 111111111111Ι 111 {inem 11 111 1111 11

. 111 111111 111111, 111111 1111111111 1111111111111116111

1111 111111111111. 1111 11111 11 11 1111111 1111111, 1111 1111111111 9111111111111111111111111, 111 1111111111

Qu& 1111111111 1111111111, 111111111111111111 1111111111113111111111111111111111111. 1111, 11111

11111111 111. 11111111, 111 11111111 11111, 11111111 11111, 11111111,

. 1111111111 111 1111111 111111111111111111, 11 1111

111 111111 111111, 11111 1111111111 1111111111 111, 1111 111.Ι 11111 1111111 1111111111 111 1111111 11111 11111111

1111 111 1111111111 11111 1111111111111111 11111111 11 11111 111 11111111 111111 111111, 111 11111111 111111

1111 11111111 11111 (111 111 111 11111 11111 111111. 111111 1111111, 11111111111111191111111 11111111 11, 1111

, , , 11111111 1111111111 11111 (1111111 11 11111111.
1111111111 111111 1111111111111 1111 11611111,

111111, 111 11111 111111111 1111111116111111111111111 1111111111111111111111111, (1111111111111111βὸ)

· 1111. Magistratus est custos Legis. 1111 1111111111 111111111111,1111111111,1111111111111111111111,
*⁸ 11 111 1111111 1111111111 111 11111111. 111111 11 mutuum 1111111111911111111111111111111 111111, 111111
11111111111111111111111111111111Β1111111111111111111111 11111 1111111111 111 (11111111111111 111. 11 1111111111,
111, 11111111, 1111111111111111,1111111111111111111111111 11111111111111111111. ,
11111111 (1111111, 111 111111111111 1111111111, 1111
111111111111111111111111. - 11111 111 1111111 1111161111, 1. Sim. 1. [9.]
1111111111 1111111 111111111111111, 111111111111,1111111
1111111111 111111 1111111111 1111111111, &o 111111 111111) (1111111111. 11111111111111,111111111111
11ὓ1111111, 1111111 1111 11111 11111111, 131 11111111 111 1111 111111111111111111111111111 (11111111111111
11111111 1111111111 11111111, 11111111111111111111 1111111111111 1111111111.
1111111 11 111 11111 1111 1111, 111 11111 111111111 ’11111111 11111611111111111111111111111111111,
Ι ’ 6111111111,1111111111111111111111111111111111111 1111111111111111111111111111111111111111.
11111111, 111 11 11 111111111111 11111 11111111111111111111 111111. 111111. [9.] 111 11111111 11111 111111 1111111,
111, Sa 11111111 111111 11111111111111111111111111, 111 111111111111111111111111, 111 11111111 111
&ie 11 111 111 111111, 111111 1111111111111111 1111111111111111,1)1111,3111111111111111111 st
1111111111 111111 1111111111) 1111111 1111 (111111 111 (111111 111111 11111111111111, 111 111111 1111 111111
1111111 1111111. 11111 11111 111111 11, 1111111111 11111 1111111 111111, 111
11111111 1111111111 11111111.

1111 1111111 11 1111111111111111111111111111111 1111111. 11331 §met 11111 11111111111111 1111111111
1111111 11 111111 111 11111 111, 1111 1111 111 11111111 11 11111, 111 1111 111 1111 1111111111 1111 11111111 1111111111
1111111111 11 1111111111) 1111, 1111 1111 (111111 111111 111111.
111, 1111 1111 1111111 111 111. 1111111111 111111 11111111
1111 11111111 11111 1111111111, 11111111111111111111 1111111. 1111. [5.] 11111111 11 11111 11111111 6111111
3111111111111, 11111 11111111111111111 111111 111111 11 1111 11111111111111111, §ben 1111 11 111111
111. 11111111111111 11 1111111111 11131111111111111
11111111, 11111111 1111 111 111 111111111111 1111111111. -
1111 111111111 1111111111 6111111111, 11 1111 111
11111 111 1111, §Dus 1111111191111111 11111111 11, 111 ·
1111111 1111 1111111 1111 111 1111 11111, 1111111 111111111111111111 111111111111111, 111111111, 111 111
11111111111111 111111 11111. 1)11111111.11111111111ι 111111, 111 111111111111111(1111111111111111111111,
. 111111 9111111111) 1111111111 1111, 1111111111 1111111111, &ota 1111 1111111111 1111111111 1111111111 111 1111111 11111 111
1111111111, 11111111 1111, 11111111 1111111111, 111111 11111111, 111111 1111111111111 1111111.
111111, 11111111 111 1111111111 11311111111111111 1111, 1111 11 11111111 1111111111, 1111111 111111111111111
111111 (1111111111, 1111 111 111111111ῐὶ1 111111 1111111 11111111111111111111ὓ1111111,1111111111111111111111111111
11111 111 11111111 (111111 11111111111111111111111 11111111111111 1111 611111 1111111111 1111 1111111111 11111

21) 111111 111111. l. 2. {bel
11) 111] 11111 1,,1. „nb 11111, 11) 11111111111111111,] mdiu. 1-1.111111111111111, ,

,3) ubuum} mm ¹· ,ι ¹7⁰¹&ss 1111111111111111, 1111111111] Ed. 10. 5n21tborfqmenqulm
(commutas 11111 omisso, quod ln rehquin 111111. hu 1111111

‚ ¹5⁴) 11111111 1311111111. 1-1. 11111111 1111111 recto interpositum 1111

 

