, . 111 , 11111.1111.111111>1111111111111 ’ 111

111111 11111111 1111111111, 1111 11111111 1111111111) 11111 1111111111,111111 11111, 11 1161111111 11111 1111111111
1111111111) 13. 111 11111111 31111111111111 1111191111111,11) 1111 1111111

11111 1111111 111111, 111111 11111 111 1111111111 111 111111111111111111111111111 1111111111 11111111,
11111, 1111 111 111111 111111111111111111) 11111111, 111 11111, 111, 111 11111111111111111,11911111111111111111
11111 111111 11111 1111111 1111111111 11111111, 1111111 1111 11111111, 111 1111111 111 111111 111 1111111111111111), 111
1111 1111111) 11111 1111111111) 111, 1111111111111111111 1111111111) 111 1111111111, 11111

111111 1111))11111111111111) 11111111, 11117) 111 11111111 ·

11111111 111 111111 1111111111) 11111111 1111, 111 111 111111 11111, 11111, 1111, 11111 11111 111, 9311 1111111111
1111111111111111111111111111111111111111 111111111111111 11111111 111 11111 1111111111.
1111 111111111111111111 1111111111111111111111111 111111
1111111111 111 11111111 1111111111111111,11111111111111111111) 11111 111111 11111111 1111111111 11111111111111111111,
111 11111111 11111 111111, 111113 1111111 111111111111111111111 1111111 11111 11111111, 11 1111 111111111111 1111111 11111111,

,Ι 1111111111 111. ⁸⁸) · 1111111111 misse 1111 11111 1111 11111111111)111111,1111

11111, 111111 11111111 31111111 11111111 1111111, 11 bez 11111111, 1111 11111111, 11111111) 1111, 111 11 1111111111) 11111
11111111 1111 11111111 11111 1111111, 111 11111111 1111111111 1111111111911111 111111111ῑὶ1) 11, ”nb 11 im mibemmtig
beme'sswifimublfombueet 0111Μ11911111ι911ε111, 1111 91111111 91111111 1111111 ἑῗὲοῦῆαιῖιᾟξέιηαᾝξῃζῗὲἕηίἇϊὲῑῗιῗέξξπῦἷῗιὲάπὲ
111), Μ11υ1 &bat ιὲβίιὶῐᾰ) 11111 1111111 11131ῗᾶ11311 1111111 11111111111111111 1111111111 111 1111111111). ·
111 11111 11111111111111111 .

111111 11111111 1111 bend 11 1111111111111 11111111
1111 11 11 11 1111 1 1 11111111131111111111111111
131,1111111111*11111111111111111111111 111111111111111111, 111111111111111

1111111111) 111111 1111111, 1111 1111, 1111 1111111111 guter “fenum ⁰b2‘ tmen, ,1111111111 111111111111111111 10, W
1111111111111,11111111111111111111 (1111111 1111111, 1111 θ11111011 (3⁰st messfsslffbsst, Όεῖ1111111138) 111115 ὓ1131111111
111111111111 111 1111111 11111111, 1111111 111 111111 1111 1111111111 θ111138) W ‘uffssfst‘b‘ss ffllstbmflffffi regma
111111 11111111 1111111111 11111111 1111 1111111111, 1111 aud> {aaz ”nb ’1111111111 1111 1111111ῑὶ111 111111111189) 11111 1111
111, 111 1111111111 1111111111 1111 11111, 1111111 1111111, 11 11111, 11 11 [eet 111111, 111 1111111111
1111111 nod) 11 111111 1111111111 1111111, 11111111) 111111 1111 1111113111), ”nb 1111111 1111111 1111111111 1111111111
11111111, 11111111 111 11111111 111, 1111 11 1111111111 11111 1113111111111111. 111111111111111111111111111111111 (111111
ἓ,ῇ,11,[ᾰ,η „01 3de „nb „mmmm ,οη (gott, 1111111 11111111 1111111111 11111) 11 111111111111111111111111

b (⁸30st aud, 1,, fflffmfm ffifflmt „nb W& fem gelaffen, 111111 1111111, 111 11111111111111111111111
11111111111111111 1111111 1111111111 111111 11111 ,11111111111111111 111 baton 111111, mas 1111111111
111. {me [11111111 1111111 1111111111, 1111 111111111111 111 11111ίῖ1111 11111ῡὶ11111 fuffi‘nr ’1111111111111111 1111111111
(1111 11 11111· 111111111111111111111111 11111111911111

mester fluv qud, im mmm „nb {mm asse gu„ m, 1111111111 QOEtt, 1111 1111161111 111 111 1111111111 1111

11111111 ge 1111111111111111, 1111111111, 11111111 11111, 1111 111 11111111·

11111ῗῇἓῇἳὸᾝὲῗὲἑπιὲἓζῂᾞἓῗῗξὸαιᾏᾶἷὲἔι 1311 111 1111 fid) 111111 1111111111 111 11111111 111

1111 1111 11111 11111111 1111 11111111 1111111111, „nb mit„ „of 11111111), 11111 ,111 &effla 1111111111, 111111 111 [1111111111
111111) 1111111111111111111111111111 1111, 111 1111111111,

- - 1111 11111111 fid) 1111 1111111 1111 11111111 1111111 1111111111,
11) 1111111] 1111111. 1111111. 1111 111 1111111111 1111 1111111111, 111 111 1111 11911111ἓ1111

31)11111111111111111111111111 11111111] 111 Edita 10.11.13., ¹¹²1 [⁰ ”1²1an [emen fan! Q “ue menf‘bstff Μ’
corp¹ 1, 4¹ 6, ⁷·; Em, 1,-9, 11,‚00q„ 2, ,3- 5, one aut 11111111 11111111 111. 1111 1111 11111 1111111 1111111111, 11111

1111 11111111. 1111111, 111111111111111 111111, 1111111 111111911111111, 1111
33)11)1)11)11111.1 Editt. 5. 6. 1111111111. —-— -
³4) 11113111111111111 1)-9. 11., corp. 1-7. 91111111 (111. 911111).

31 menn 111 11111111-1111 11111131111,]111111,Ε1111.11-1. ,
)θ. 11. exhibent haecce? 1118111 3111 11111 1111111911111111, 3⁷) Μ] ⁸¹³ Erhtt. Μ· 9· ¹¹· ὠθεῖ·
111 1111111111111131111, 1111111111 1111111 111 11111111 11111111 33) 11111111111111111111 . . . 111 111] Ε11111.11-7. 9. 11. nod)
1111111 1111111111, 11111 11111111 111 1111111111 1111 111111 11111111, (Ed. 11. 1111)) 1111 1111111111. . . 111 11
111111111111111111111 1111111111111131111111111111111111, 39) me mmmm] Editt 54 9 n bet ww
111111111111111111111111,6111111111,111111111113111,111 · · · ·
111111 311111 1111111. 10) 1111111111111111311111. 1, 6. 11111 1111111111

36) 111911111]Ε11111.11-3. 11, corp. 1-7. 1111111

 

