, 243 PHIL. MEL. SCRIPTA DOGMATIGA. 244

10.], §Du [ιιι 44444 44444444 4444 444 [4444444 444 444 [4444 44444444 mit 4444 44444444 44. mus 444444 444 ,
4444444444 44444, 44644, 44444444444444 bit 446 4441 444444 4444444 ist 444, 446 444 44444444 4444 (Eis
44444 444444 4444444444, 444 [444444 4444 444 444460) 4444444 44444444 mie 4444444444 4444444444 ,
444 4444 44 in attunt 44444, [putten 44 4444 etc. 444 4444444444, 4444 44 444 4444 &suet 4444444 fnum, 444
444 in 444444 (4444 4444 444444 44444444 4444444, 14- [444 44446 44444444, 444 [4444 444 4444 444 444 464
stioia, Beneficentia, et Parsimonia, (44444ιὶ4444, 444 44444444 444 (4444444444 4444 44444444, 444 ist 44444
444644 444 [444444. 444 4444444 444 44444, 444 444 4444444444 446 444
geta 464444, mol 44 444444. .

&tube 44444 44444 (44444. ’ ⁴ 44 444 444. ·
644 [44 4444 [4444 4444444 44444

{Det 4444 (4444 44, 4444444ίί44 [444444 4444 44 444
44444444 4444, obet 444444, mit 44444, mit 44444444 64 444 4444, (4444444, 4444444 4444444, [o 4444
4444444444, 4444 mit 44444, 444 4444 4144444 44444, [en 4444 (4444444 444 444444 4444, 444444 [4 et nu 444 κ
44644444, 44451) 44444444, 14444] 44451) 444444 etc. [46 (44444 444 444 (44444444, 44444 in 44444 44444 444,

444 [44 4444 [444443444ιὶ6 44444, 44 4446 4444444, 446
§Det 44444 (4444, 34 germinet 4444444, 44 444444, [4 4444444444 (44444444 4444 4466) .
44 44444444 46ιὶ444 4444, „u 4444444 444 44444 444444 4644 44 4444444 44444 444 4444444444 [4 44444,
’ 44, 444 444444 44444 4444444444 24444 44444 44444444 444 444, Das 44444 444444 44 44446 4444444, 446 444 .
44444 4444. , 444444 46, 444444, 44 4644444, 4444 [o 444 44444 444
441ιέ4, ihs} 44 44444444, 446 4644444 44444, (444 4444444,
4 4444 ι. ’
444 britte (4444, (444444 4444 44444 4444444444 {Die ‹1an 4444444444, viennen (444 [4444 444644
J ιιιίι [44441 4444 444 444444, 44 [444444 444444 444444 444 444 44444454) ist 4444444444, 446 444 446 44444444
444, 4444 444444 444 444444, 444 [444 444 4444 44444444 44, 444 444444ιί 41444464) 444 444 444 4444446
4444444, 14ιί444ξοί4, 4444144, eg Prodigalitas. ffingu [4444 844. 8. [24] Det 4444 4444444 444, 44 4444444
4444444, 4344444444, 444 4444444444. Q ffifilffissffi {¹1ss bzauffi' tgiiee 4ἰέ ἱῐιέηςυηξιῐιυξιζιὶῑμ
ι μ μ, C
, meinung 44, 444 444 [4444ῑί44 444444 in 44444, flebam}
4444 444444 (4444 44, 444 44444 444444 4444, 444 44444644. 4444444444 4444444444444444444446
4444 gu 444ιί444 ist, 444644 444 4444 [fit [44Ιί444 4444 4444 44444, 44444. 5. [gh] (4444 4444 [44 sein, [4, [4,
4444... 4
en 4. ' 44 4 444, 444 44444 44 nonomen 44

44444Ιὶ44, 4444 et 44444444 4646 4444444 444 46 ist, ,

’ 444 ist 44444 44 444444, 4644 444 444444 444644 444 44444 444 44 444, 444 {fi 4444 4444444444, 444444
4444444 4444 4444 44444444 ge 4444 444, 444 bins [4444 444, ln 34444ιὶ4 im 44444 444. [44414444] 3, 6.]
444, 446, {a [44 444] 444444, 444 444 nicht 4444444444, sd) 444 44444464 444 id> 44444444 444 4444, 4444444
414444444444444, 444 [44 4444 644144, 444444 444 [4444 mit 444 [4444 44444 4444 4444444, 44444444 ist
44444444, 444444, 444444, 4444, 4444444, 4444, (44446 44444444 misse, 446 4444 4444444 in 444444 444
8444, 3444 444 44, ame 444 64444 [5. 4444. 27, 46] 44444444 44, Da 444 444 4444 444 46444 &nael 4444
faut, 44444444 444 444, 444444 4444 444444 in 4444, 44444, 44444 4444444 titel 44, 446 4414444444444, 444
444446 im 4444 44444444 ist, 444 444446 4)ιὶ44, im 144 44444 444 14444, (444ιὶ4 {vibet (444, 4444444 in 44
44444 (444. [4. 14] (444 444 44 444444 444444 [44 4444 444444, 4444444 44444 4444444156) 444 4444 444
(444444 444444, 4644 (44444. 34. (444. [4. 2 4.] 44444 ·- ,
(444, 46444 4444 4444 in 34441, 444444 ir meine · ·

'' 5444444 44444 44444444 444 4444444, 44 444 Sd) 444] bu 2⁶²) 444 gu 4444444 44 (44444444 4644 4.] Editt. 6. 6. 446 req&

444 4444444 etc. · 444 4444444444 gu 4444, 4444 44.

. 43) 14. (444 [4444 414 4444444 444444] Editt. 6. 6. m. 444 441
916444444ἱ4ῐ4ιιιι46, [444414] St [44 4444 ξυαὲωι 44444, 4444. ι. 4. 11. 4. 444 [444 444444 444

64) 446 &ott 444 4444444ιί4 44, 444 4444444 4144444] mm ⁶.
46) 4444441444. 5-7. 9. 11. 44444 . 6. 446 (444 [4144444444 ist, 444 4444444444, ,

41) 444] utroquo loco abeat 44 Editt. 5-9. 11., corp. 1-7. 5⁵) 44444 444 {wifel} Editt. 4. 6. 444 ιι

 

