111 111111111111111111111111 · 11 “

1111111 11111111, 11111111 11111111 1111111 11111111, 111 611111 111111 11111111 1111111 1111111111 1111111111
111 111111 11111 11111111 1111 11111 111. 1111111111 11111, 111 1111 1111111111 111111111111,111
. , 1111111311111 1111111111 11111111111111111111, 11111

11111 11111 11 1111111111111111111111111111111111 11111111 11111111 111111111111θ111111111111, 111 111111,

, 11111111, 1111111111111111111111111, 1111111 1111 1111 31111111, 1111111113) 111111, 1111111111, 1111111111,

6111111111 1111111111, 111 111111 6111111111111, 111 111 11111 1111111111111111, 111 11111111 11 1111 111111
1111111111 11111 111 111111111111111111 11111111, 111 111 111111111111111111,111 1111 111111111 11111111 1111111111,
111111111111111111, 11111111 1111111111111111111111, 11111111111111111111111111111111111111111111111, 11111
11111111111111111111 1111111111 11111 1111111111, 11111 1111111 111111 1111, 1111111111 111 1111111111, 1111 1111111
11111111 1111111111 1111111 111 1111111111 1111111111 11111 1111111111 11131111, (11111111, 1111111111 11111111, 111111

' 1111111, 1111 11111 1111 1111 111111111111111111111.11111111 11111111111,111111111111111,1111111111111.

111 11111111 111111 in 1111111111 111111 1111111111 Seres 111 11 111111 11111111 1111, 11 111 1111 1111111, 111

⁸ ’ 1111111 11111111, 1111111 111111 111111 11 in tinet 61111111 111111111111111111111111111111111111111111,11111

. 11111111, 111 1111111 1111111 11111111. 1111, 11111111111111111111111111111111111 1111111111 11
1111111, 11111 11111111111111 11111111 1111111 11111111, 1111,
’ ’ 1111111 111 1111 1111111 1111111111 11111111, 11111111 11111111,1111111111111111111111111111111111111111

· 11111 1111111111 111 1111111111 11111111 1111 1111111111 11111 11111 11111111, 111111 1111111111111111,1111111

111111, 1111 1111 111 1111111111111 1111111 11111111, 111 1111111111 (1111111111 11111 1111 111 111 1111111111 1111111,
11111111 11111111 1111111 111111 1111111, 111 fnit 1111111111 11111 1111111 11111111 1111111111111 1111111111, 111111
111111, 1116111 111111111111111,11111111111161111111 11111111111111111111111111111, 1111111111 1111111

, 1111111111 1111, 1111111111111111111111116111 1111111 11111 1111 1111111111 1111111111 111 1111111.

111. 111 1111111 111111 11111111, 1111111111 1111111111 111

· 1111 11111111, 111 11 1111111111 111 11111111 11111111 111111 1111111111111111111111111111111,111111111111111 ,

. 111111, 111 1111) 1111111 111 jn 11111111, 1111 111 11111111 ,1111111111 111111 1111 &tone 11111111111111111111, 11111111

1111111, 111 1111 11111111 11111 11111 111111111111111111. 111111111111111111 1111111 1111111111, 11111111 11111
- . 11111 111, 1111111 1111111 1111111111 61111111, 1111

1111111 1111 1111 11111 1111111111, 11111111 11111111 11111 1111111111 1111111111 1111111111 1111111111111

1111111111, 1111111 111111 11111 1111111 111 111111 11111 11 11111111 1111111 11111111 11111111, 11111 111111 11111111

1111 11111110.) 111 1111111111 111111111111111, 11111 1111 11111 111111111111111111 111111 11111111111111,
111111 111 11111111 111111 111 1111111111111 1111111111 11111 111 1111111111 1111111111, 1111 1111111111 1111111111111111
1111111111, 11111111 11111111111111111111, 1111111111 111111 111, 1111 11111111 1111111111 1111111 1111111 1111111111
111 1111 1111111111 1111111. 11111111111111111111111111 111111. 19.[16,18.111111111111111111 1111111 11111111
111 111111 11111111 61111111, 6111111111111111, 1111111 1111111111111111111, 111111111111111111111111 , 111
1111111 (11111 111 111, 111 1111 1111 1111111111 11, 111 1111111 11111 1111111111. 22. [1. 211] 1111 ob 11111
“ 111111111111111,111111111111111111111111111111111 1111111 11111 111111111111111111, 111 11111111 1111111
111111, 1111 11111 111111 111111, 1111 1111 1111111, 111 1111111111 11111111, 11111 1111111 11111111111111111111
11111111111111111111111, 111111, 11111 111111 111111, 11111111111111111111111111111. .
11111111, 111111, 1111111111111111 1111111 1111111 11111, 11111 , ²
11 1111111111 1111111111111111111 111111, 11 1111111111 111 ’ ·
,11111 1111111, 111 11111111111111111111111111111 111 1111111 11111 1111111111111,11111111111,
1111111111111111111111111111111ἔέ 311111 1111111111111111)1111111111
111111 1111 1111111. 1111111111 11111 111 111111111111111111111111,1111111111
111 11111111 111111, 111 1111111111111111 111111, 1111
1111111111111111111111111111111111111111 1111111111111111111111111, 11111111111111111 111111,
1111111111 6111111, 1111 1111 1111111111111111 11111, 111111 111 1111111 1111 1111111, 111111 11111111 11111111 111 -
111111111111111111111111,111111111111111111111111 111 1111111111 1111111111 11111111111111111. 1111111
1111111111111111111, 111 1111111 111 11111111 (1111111111 11 11111 1111 11111111 1111111111,1111111111111111111
1111111111 111111, 1111111 1111111 111111. 1111111 1111111 1111 1111111 111111 111 1111111111, 111 111 1111111111
11111111. ’ 1111, 11111 11111111111111111111111111 111111, 111 11 .
¹ ' 111111 111111, 111 11 1111111111111 1111111ζ11111 1111
1111111111 1111111111 111111, 11111 111111 11111111, 1111151111

10) 11111 11 11111 111111] Ediu. 1. 6. 1111111111 1111111, '‘⁹'—
11) ὅ. 1111111]ζ111111. 1. 6. 1111111 18) 11111111111. 111. 1111111111
11)(1111. 1. Cor. 4, 2. 14) 1111] Ed. 8., corp. 1111111 1111

 

