ἱ 1179 PHIL. MBL. SCRIPTA DOGMATICA. 58)

111111111111111111,111111111111111111111111. 11111 111111111111111. 1111,Ι 11 111 11111111, 111 1111111111
111 1111111111, 111 111111111111111111111111111111, 1111111 gu 111111. 3111, 1111111111 1111111111 11111111
1111 111 111 1111111111161111111 11 111 11111111 111 · 111140) 1111111111 1111111 11111111 1111111111111
1111111111 1111111111·”) 11111111111111111111111 1111111, 11111111 1111111 vom

, 11111111 111 111 1111 11111111111111111, 11111 111 11111
’ 1111 11111 1111111119) 11 1111111 11111111 111111, 111 1111111, 1111 11111111 111111116111111111111111,
111111 111 1111111111111111111111111111111, 1111111111 11111111111111111111111111111111111111111. nb ·
11111111 1111111111111111111111111111111 1111111, 111 Θ. 1111111 111111 [l. 111. 11], 11 111 111 jebet 1111
111111111111111111111111111111111111111111111 (11111111 11111, 111111 1111111111 111. &oum 11
11111111 11111111113111111111 6111111111 11111111 1111 1111 111111, 111 111 11111111111111111,111111111141)
1111111111, 11111111 11111111111111111111111111 111 1111 111 (11111111 111 11111111, 11111 11111111
1111111111 1111111111, 111 1111 11111111111111111111111111 1111, 1111111 11 1111111, 11111111111111111111 111
11111111 11111111111111111111, 1111111 111 bote.

1111 111111111111111 1111111 1111111111 1111111
1111111111 11 111111111111111111111111111111111111 11111111111111111,11111111111111111111111, 11111111
1111111111111111, 111 11111, 1111 111111 111 1111 1111 11111 111111 11111111111111 111 11111111 11111111 &otu
11 111 1111111111 111111, 111 1111111111) gu 1111111111 1111111111 11 11111111 1111111 11111111. 1111111 1111111
111 1111111111 11111111, gu 1111111111 1111111111 111 111 1111 1111111111, 111111111111111111111111111111111
11111111, 1111111111 1111111111 1111111111 11. (ἕο 11111 1111111, 1111111111, 11111. 111111 11111 111111 1111111
111 1111 1111 11111111111111 1111 1111111 111 1111111111, 1111 11111111111111. 51111111 1111111111 11111111 111
1111 1111 111 1111111111111111, 11111111111111 1111111111 geben, 1111111 11111111 11111111111111111
111, 111 111 1111111111 11111111, 11111 11111 1111111111 1111111111.
611311111111111111 1111111111, 11111 111111 111, 1111
1111 1111111111 1111, 111111111ῑί11 111111111 1111 11111111 ,
- ’ ‘Die 11111111 11, 1111111 111111 1111111 111111 11111
31111, 111 1111111111111111111111111111111111 1111111111, 111 ia, 1111111111. 1111 1111111111) 11111,
11111111, 111 1111111111 111111 11111111111111111111 1111111 1111 1111111111 11111111111111111111 111111

. 1111111111, 1111111 111111 111 1111 1111111111111111111, 111111, 11 11111 1111111111 11111 1111111, 111111111111111.

111 111 111111111111111111,1)111111111111 111 111 111111
6111111111 1111111 11111. Db 11 glad) 111111111111111111111111 11111
· 1111111 1111, 1ο 111111 1111 111 11111111 11111 1111111 1111
11111111 11111, 1111141) 111111111111111111111. 1111
“Die 11111 111111, 11 1111111111111111111 11111111 11111111, 111111 111 1111111111 11111 11111111 11 111
Β1111111, 11111 111111 gebat 11 1111, &a 11 111 1111 1111111.
111, 111 11111111 111111 1111111 111111, 111 1111 1111111
111111 11111111111111111 11 1111.

, · 1111 1111111111 1111111111 11111, 1111111111 , ‚ ⁸ ‚ ι
nube 11111111 [111ηῆ 11], 11 111111 1111 1111111111 &tehen 1111111111, &v 111 ffievstltssm, 111 111
1111111, 11111111111111111111111111, 11 11111111 111 ‚
111111 1111111 11111111 1111111111. 1 (511111 filtha-

11111, 11 111111111111111 111 11111111 11111111 111 ,
1111111111 11 11111111, 111111 111 11111111, 11111 111111 L
1111111111, 1111111111 11111111, 111 11111111 111111
11111 11111111 1111, 1111111111. 11111111 1111111111
1111111111. 1. 111. [1. 29.) 1111111111 1111111 11111, §Det 1111111111111111, 111 1111111111, 11111111
, 111111111111111111111111111111111111111111. 11111111111111 111111111111111111111111111. 11111111

. 1111 1111113111111111 1111111111, 111 1111111111-111
. 111 11111111 11111111, 1111111 1111111111 111111 11

“ 411111111111111111111 1111111111.) 1111111. 1-6. 11111111111111 flu

·--- 11111.

11) 11111111 11111111. ¹7⁶· 11111111. 41) 111] nb 111111. 1-4. abent. ⁸
³0) 1111111111) 111111 1-7., corp. 1. 1. 1. 1111111) 41)111]111111. 1-4. 111

 

