'ben

·3oe [10111011111111111111111111111111111111. 111

n b 1111111111ιῆ 111ὧ1ἑξῐξζπ1ἑῖβὲ1ἱέἑιὲθξί 1111111ῐῖ11, 1111111111 Lqffmi' 1111111), 111Ῐ ί1111 1111, 611 (1111111 agnetam? t’imb
ι1ῒ1111111,811111, 111 1111111111, 181 181111η11111111εἶῗΙ ·[1111111.»Ιεῗῖαὔῃᾎῖη 10111ῗῆ 131ι11ε111ε1ῒ1ἱ9ε1111αΐ1111ἒ11
1111411511, 11 1111 eud) 1111111111111111 1311111111] 11]]11111611,11111111111.11.[281
11111, 111 111 11111, 111 mid) 1111111111 11111111 11111 11 111 11111 11 1111111111111111111111 111,Ι
1111111111(111111113111111111111111111111111 3111111 eud) 11111111, 3111111111, 11 et 1111111,11111,
11111111 111, 111 1111111111) 111 &on 1111111. 111 1111 11111111 111 1111111111, 111 111 111 11111111

111 11111111 1111111111 111111 1111111. ·

1111111 11 11 1111111111 1111111111 11 111 ⁴
6111 1111111111111111111111111111111111111111 - 111111111111111111111116111111111, 111111

’ ·, 1111111111111111111111111111111111111111111, 11111111111111111,1111111111111111111111,111111

111 111111111111111 1111111111 111 1111111111, 111 111 111 1111111111 1111 1111111111, 111111111111111
111 1111111111. 1111111 1111111 1111111111 1111111 1111111111, 1111 1111111
“ 111 1111111111 [1. 4.] 1111 111111 11111111111111
11111 111 111 1111 11111 1111111,111111’11111 11111111, 1111 1111 31111111111111, §Du 1111 111 13111 ,
1111111111ῧ1111111111111111111111,11111111 111111 11111111,11111111111111111111111. Stem-
11111111111111111111,11111111111111111. (1111 1111111133.[11.]1111131)1111111111111111111,
11 111 1111 1111111 11111111 11111111 111111, 111 gibet (11 11111111 11111111, 111 1111111111 11111, 1111111
111111 1111111111111511111, 11111111111,1111111,31111, 11111 111111 11111, 111 11111111 11111, 1111111 111
1111111111111111111111,11111111111111,111111’111 111 1111 111111111111111111, 11111111111111111 .
· 1111111111)111111111111111111. 111111111111111 1111111. .
,11111 1111111 111 11111111 11111111, 111 1111 11 .
11111111, (111111, 1111111111 11111111, 11111111 11111 -
11111111 1111111111 1111111, ist 1111111111 111111, 11111111 1111 1111111111111111111, 111 1111111111
heico 111 111 1111111111111111111111, 1111111111 11111 11 1111 1111111111 11111, 111 1111111). 6. [33]
111111111111111111111111111111111111,1111111 &uam 111111)11111111111111111111111111111111, ⁴
1111111111 111, 1111111111111111111111111111 111111 11 1111 tud) 11111 1111111111 gegeben. 111, 1111111.
11111, 11 (1111111111 1111111 1111111, 111 1111111111 11). 1311] 111111111111111111111111111111, 1111
11111, 111 1111111111 111 11111111 1111. 11111, 11 et Θ. 1111111 1111111111 111 11111 1111111111111111, 11
111) 1111111 1111, 11 et 11111 111111 1111111111 111. 1111111111. [1. 8.] 111 1111111111 111 111111) 111111,
111111 111 1111 111111 111111, 11111111), 111111 111 111 111 1111111111 111 11111111111111111111111
111311ιὲ ξὲἱωὶἒ 1ἱῇ11111ἆ111 111β111ἱ1111,ῒ 111Ὀ111β1ἱ, 1111Ἱέἱ111 1131111111] 11 1111111111, 11111111111161111,
11111 111111 1111111111) ,τ 1111111Ὗ111ῃ 1111 ἵ111111,Μ111811ς11 11181111(11111111ιῴῆωψη me m Μ’ nem ld) nu α
11111 111111 11111 1111 111111 1111111 1111111.

311 111111, 111 11111 1111111111, 111 11111 11111 §Die 1111, 311 11111111 1111111 111 111 1111111111,
111111 111 1111111111 11111111 1111 1111111111 1111. 111111, 11111111 (11111 11111111, 111 11111111,11111111

- 111 1111111111 111 111111, 111 1111111111111111111111
{lut 1111111 1111111111111111 11111, 1111111 11111, 11 1111111111 11111 111 11111 11111 1111111111, nicht 11

111 111111111111111111111111111111111111111111 1111111 111111, 1111111111111,1111’11 111 11611111
11111, 1111111 11111131111111111 1111111111, 111 11111111111111111111111111,11111111111111111111,
11111111 11111111, 1111119] &ie 111111111111111 111 11 11111111111111111 11 30. (1111111 [1111]
1111111,111111111111111111111111111, 1111111111 (1111111 11111111, 111 111 1111 111111 1111, 3111,
111 1111111111, 111 1111111111 1111111111, 1111111, 1111111116.1117,1,]1111(111111111111111111111, ,
1111111111, 11111111 111111, 111 111 11111 11111111, 11111111111111111111). 1111111111 111111. 11611111 ·
1111113) 111 1111 111111 111 111 glauben 1111 1111[12111111111111111111111111111111).1111
11111) 111 11 1111111111 11111111 1111111111, 111 111111111111111111111111111[1111111111111111
. ist 1111 111 1111111, 111111 (11111 1111111 11111111 11111111111111111111111111111111,111111111111111,1111
1111111111 (111111 11111111 111 111111, 111111 11111·
1111 1111111 111, 1111111111 11111 1111 111 1111 11 1111

. 11) 111] Ed. 1. 251³· err, 1111] 111, 11111111 11 1111 nicht, 1111111 111 1111 111 111 (11111,

1111111111111111111111·-111111111,111111111111-1111 &ammon in &pssum im Ἦ· δαν· [θ’ 31⁸] mm tss'

1111]111111.111.111111111111111111111111111-11111111, sm Μ ”fem lum firme “W bet &⁰8 ἰῇ “uem ”⁰²¹

111111 - 1111111, ΘΜ· 20·

 

