129 · Ι. Loci THEOLOGIOI GERMANlcssz C. TERTIA EORUM AETAS. INDEX. 630

111111111011111111111. 1401. · 1111111111 111 1111111 1111111. 2111.

ffivnfflgenffliwmffml„nmmffteien 211111111111111111011111. 1111, Ι.
’ 11111111. 14511. 111111111,1111111111(1111111. 2121.

8111111111111111 2111111111. ’ 146. 61111111111111111101111. 21311.
1011 1111 11111111 111111 1111111111 11111111 11111111. 14911. 611111111111111111111111111111. 2151.

1111111111, 11111111 11111111111111131111111111111. ¹· 1111111111 111 1111111 1111111. ’216 11.

. 1501· 21111111111111111111111111111111111. 217 1·
3111111111 111111111111 111111111111111111( 111111 11111111. 152. m umen mem Μ mmm &em 218,
211 11111121111111111111111111111111111111111. 15311. &mmmmm „tinemut 1111,

2116111111111111111111111111111111111111111. 15911. ermtunflbeffiabmimmummiummab 2· 219· Ι
Qum &mum Q “m 10. ω’ 16] f' 231111 1111111 (11111. 22011.
ἕξειἓξὶζὼςςῗῑῑζῗηῦὲξσέᾆω 11ξῖ g 1111111111111 11 111111 1111111111 111111111211111 1111111111

¹ 1111 111111 1111111111 11111111 111 1111101111111111111 wau. mmm· ‘2²⁰ 11·
· 11111111111111111111111. 1111. 12211112112111111121110· 2²³·-

21111 111111111111111111 111 1111111111 11111111 111 111111111-

1111111 1111111111. 17311. ben, 111111,

13111 11111 1111111 111 2111111111 1111111111. 175. 1111101111, 111111111111111111111 11 1111 11111111. 224 11.
11111111 111 1111111 211111 1111 1111111111111111 1111111111 2111111111 111111 11111, 11111111 1111 1111111111 1111111111 11111,
111110. 611. 1771. 111 1111 11111111 111111 111. 1111111 111111 111111 1111 111
11111111111111. 17911. 1111111111 1111111 31111,111111111111111101 1111111111
8111111111 111 0111111111, 11111111 1111 1111 2111111111 111111 2261.
111 0111111111. 180 1. 2111111111 1111111111 1111111 1111111111 111 1111111111 1111111111.
1111111 111 6111111111 1111 1111111. 182. 226 11.
11111111111111111. 1821. 03111 11111111 1111111 1111111. 22911.
61111111111161111111, 111 01111111 1111, 1111 1111 011 111111111111111111. 230 11.
1111111111. 1831. 6111111111111111111111 23211.

11111 111 011111111111111 0111111111. 184. fflom 11111 {ten 111111. 23411.

Μ bess ’1111111111 ‘Bflssssissn‘ffla ΜΒΝ 1111111111 1111111111 111111101111 1111 1111211111 1110111111.

111111112111111111111111111111111111111111 235.
Α ' fem Usum· 18411· 1111Θ111111111111111111111111111111111. 235.
Έῦηωῗῐῐῐῑῴθῐῑ 111211· 1861· (11111111711111111111111111. 2351.
1111111111111111 (111111. 20111. 11οω [tmen (gem 235 ff,

&¹¹¹¹ssss 211 (weges. 20¹· 11111110111111111111111111111111111111. 23711. “
11111111 01111111 2111111 1111111111111111111111 1111. 201 1. Qut, mett! [m [11111 11111, 239

1011111111 1111011111111111 111 1111111111 0111111. 202 1. 1111 1111111111 111. 239. 297 ff:

2111111111 111 1111111 0111111, 11 111 11111 &mm ”ibn Μῇᾠῇι ΘΜ· 24⁰·

(1111111 20311· 111111111111111111. 240 ff.

0111011111111111 0111111111 11111111 111. 2031· 1111 1111 11101111111111 111111111111111111111 11111111
Due 111 1111111111 0111111 111111 111111111111111 1111111 7111111. 241.

205. 0111 11111111 1111111111 011111. 242.
11111111 111 111 111111, 1110111111 1111111111 1111111 111 61111101111111111111111111. 243.

„iffi” mm Μ’ ¹ 11111 11111111 (11111. 2441,
111111 werd 111 1111111 1111113. 206 11. l

61111 1111111111 11111 &thot 208. ¹ 1111 11111111 111. 244 1·
.- 111

 

