mmm. schrA DOGMATIGA. a 6³6

1111151111) 6111111. 536 11. 11111 11111111, 111 111 1111111111 1111 51111111 1111111111, 11111

1 11111111 111111 1111111111111. 593 1.
Βωθῃω ‘¹¹¹⁶ bn 6Μῇ m Μ Μ) &brim fl‘¹fflg}7f'}· 5311 (5111111111 1111111111111. 5911.

1111111111111111111111111111111 311111 1111111111. 541 1, 11111 1111111111 1116111111. 600 11.

A 93111111111111111111111111511111. 54311. 11111111111111111111111111111111111111111111111. 31111111
1111 1111111 111 11111111 11111111111111111111111, 11 bie·
·811111111111111111111111111115111111111, 111111111111 [em ,urm 5025·

ΜΝ Μ mm 5³⁰· ⁵44 Π· 3111 1111111, 111111111111111ῡ11111111111111111111111
1 1, 11
⁴ffiltt 111111 11111111161111111 11 111111111111111 1111111, 1111 ’11111111 1111111111 605 1.
111111111111111111111111111111. 55111. 11111111 111 111 6111111111. 5. 11151111. 12. 31
811111 11111 111 1111111111, 11111111 1111111111111 111 6111111111 1111 11111 111111 11111 1111111. 608.
11111111. . 55911. 3111111111,1111111111111111111,111111111111181111
11111111 111111 111111 111111 ς11111111 11111111 1111, 111

qm ΘΜ· ⁵⁶4 Π· 111 11111 111111, 111 111 5111111111 1311111111 111 11111

8111111111 (1111111111 (1111111111111111, 554 f· 11111111111111111111111,111111111111111611111111 .
611111111161111111, 11 111 &ott 11111111 111 111111 56611. ‘¹⁸³9‘ 5⁰⁸ 1·

61111111111111111111111111111111111111111111111111111111, 9¹² ‘mm Μ’ Q ssbffffl‘n 111 ”W quunben ‘¹¹¹ 111
511 570 ff· 111111 1111111, 61111111 111 111111 11111111111111111 bran·

51411, 11111, 111 1111111111, 1111 111111 111. 611 11.
01111111 511111, 111111111111111111111111111 11111111 1111111·

’ 1111 1111111111 11111111, 11 111 11111111. 57711. 11111 01111111, 111 111111 1111111 1111 1111111111 1111111, 111
11111111.. 613 1.

191111ΜῘῩΜΜῙῙΨῗῲήῑηῡὴῖθωωι 5781 5111111111111111,1111111ὓ1111111111111111111111111111
5111111111111111111111111111111111111. 5791. 5861. W ᾗ, 3„ 11111, 1111111116 W 615.

5111111111111,1111111111111111111116111111111158011. mmmm „ff 111 ³⁰⁰⁰ gum! „mn 3„ 111111 1111 111111.
111 111111 11111111 1111 1111111111 61111111. 585. “m mm· 615 11.

111111111111111111 111111 111111.

11111 11111119 111 amn mam! „nb'etmbL 51111111111111,111111111111111111111111111111111111111

111 munet, 583 ff· 111 1111111111 1111111 111111. 620,
51111 0111111111111111111, 11 1111111111111 111 Oba·

511111111111. 59111. 1111 1111111111 1111. 620111.
11111111 111 11111111, 1111 11111111 111 1111111111. 611

8111111111 11111111. Ι 511. 1111 111111 5111111111.

 

