111 111111111111111111111111111111111011111111 111

· 1111 11111, 11111 1111111111 11 111 1111111111 1111111111 111,1111111111111111111111111111111111111111,
,111 ist, 11111111 1111 1111 (11111111 11111 11111 1111 11 11111 1111, 111 11111 111111, 1111111 11 11111 1111 1111111,
111111, 1111111111 1111111 111111111111, 1111111111 1111111 11111 1111 (11111 1111111111, wie 1111111111,
1111 1111111 111111111111111111 11111111. 1111111111 11111111 1111111111111111111111111111111111111111111,
1111111111 1111 111111 1111111111 1111111111 1111111111. 111, 111111 11 (1111 11111 111111ῐίᾶῖ 11111 111111111111111

1111111111111111 11111111. 11111 111 61111 111 11111111111111111111, 11 11111111 1111111111 1111111111 -

111111111111111111111111111111, 1111111 1111111 11111, 11 11111111, Quo 11111 11111111 111111, 1111 1111111111
1111111111 11111111 111, 11111111111111111111111111 1111111 111, 111 1111111 1111 1111111111 11191) 1111111
111111111112111111111111111111111111111111111 1111111, 1111 11 11111111 11111111, 1111111111,11111111111111
111 111 1511111, 1111111111 111111 1111111111 1111111111 1111111111 11111111 11111, 111 11111111, 11111111 111111
1111111111 1111111111 111 1111111111, 31111, 111 1111111111 1111111111, 11111111 911111 111 1111111111, 1111111 1111
1111111 1111111111 1111111 1111111111, 111 11111 1111111 1111111111 11111 11 1111111111
· 111 11111111, {niver 111 1111111111111111111111111 1111111.
11111111 111111 111 11111 1111 1111111111, 1111111 111

111111111111111111 111 gv

11 1111111111 111 111 1111111111 111111 1111111111

11111111 11111111 111 1111111, 111 1111 11111111131111

111111111111111111111 „ff 1111111111 11111111 111

tw [We Sum ¹¹¹st bet [ἰωῆς θώων aba bl? Ν ¹¹⁵ 3111111111(11256.)ἰηΕῶ1.1-13.,Οοιρ,1-7.εκεωη111
11111 111 11111 61111111 111 1111111) 1ι 111 111 1111111 in 11111. 1-4. 11111111ιί11111111111111111111111111111
111111111111111311111, 111111 11111 ete 11 1111111111

1111111111 nicht 1111 1111111111.

1311 (1111111111 (11111
1111111111111111141 111, 111 111 1111111111, 111

Ὁῑῑ ffl‘nfd) misse, Μ εἴ ῃίῴῗ 1οῙ ΜΜΥΨῙῙῘΦΠῙΜΨ ὓξθῑβ 1111111 11111111 11111111 1111, 1111111 1111111, 11111 6111
11111111111111Ι 1111111111 11111111 itt {Baba obet (511111 111111111111111111, 1111111111111111111111111, 11111111

, 111111, 1111111 1111 1111111111 1111111111 1111111, 1111 1111111111,111111111111111111111111111111111

111 11111 111 (1111 1111111 11111 111 11 11111111111111111111,111111111111 ’

3111 111111Ῐῦῑωὶ ᾗῐῑῧι ΌῙῒῘ) ΜΘ (Εἴ mmm) mlh& ᾶῙῙῑ 11111111 11111.’ 11111111111111111111.1111111111111111111111
1111111 11111111, 1111111111 11111111111111911111116111111111, 1111 111 11111111111111111111,111111111111111111111111111

§Dae 1111 1111111, 111 11 11111 111111 111111 11111111 M·

. 1111, 1111111 111 11 (111111 (1111111111111111111

1111111111 ”nb 11111 111 1111 bie 11111 111 111 11 - 1111111 1111111111,111111111111111,11
1111 1111111 1111111 1111 11111111, 11111111111111111, 11611111111111111111111111111111· 111111111111111

. „nb mstffen' m 5„st 1η stum fsmbm, nid„ augin mim 11111111111111111111111111111111111113111111111111111.

111111111111, 11111 111111 1111111111111111111111111111111111111

gen· 111 11 111 11111111, 1111111, 11111111 11111, 11111, 111 111111
1111111111111111111, 111 111 11111111 1111111, 11111111 111111) 11

Ἐ11Μ111111111111, &ott [111 11111 1111111 9111111 1111, 1111111111ἑ1111,1111111111111111111111111111,111111111111

111111 1111111111 11111111 111111 1ἕέ 1111111111111111111111111*’11111

Μ Μῖῴθῐῑ ὓθῡῆῑῐῑθῢξῗι ”nb mu hm ¹1¹⁰!me bssfssssb! 1111 1111111111 11 1111111 11111111 111111111111111, 1111111111
1111, 311 1111 111111 1111111 11111111, 111 it 11111 111 [aaz.

1111111 1111111111 1111 gu 111111. 1111111 1111 11 aud)

11111111111111.11 υ1.11111111 1111,1111111

111111 1111 11111111 111 1111111111 1111111 1111111111, 1111111111 11111, 111 11111111 111 11111111 11111 1111111131

”ab jul 111111 mit 111111ίῴ11 111111 handen, 111 fn 111111 (5111111 111111111111 11111111, 11111111, 111111111111111111111
armum 111 ηηηιῇςῃ lemen, [1111111111 [1111111111 11111.”’) 31 111111, 11 1111111111

1111, 111 11 111111, 111 11111 1111 1111111, 1111111 1111, 111 ,11
lud) 111 111 «beist 11111 111 1111111 (111111 11111 .

flu 1111111, 1111111 111τέ 11111 11111111 111 (1111111111 96) Μ] ab Em, ὁ, 6, Μ,
.-,,,.,-, ·) 111 1111 1111 111 11111111 -111 11111 1111111 uio 111111. 2- 11 M 1.
1111111111] ab 1111 1. 1. absum. πῖξῇξὲἑὲζῇῖἒῇ ἷξέἰέξξξῗῧ111ξῖ1’111ιὶῗῖιὶἓςῖῐῖῗὲἱιῗῗιέἳέἶῖίᾶἶῗῖᾞὲ
ἶῖζ 11111 fflss'rf'lss‘l‘ 111111111111111 11] 111111
π) mma] Edit& 5-9· nn, corp. Μ. “²¹stst ηὲἱτὲῑίώ 111111, 11111111] Ed. 1. 11 11111111 111111, 11111111 1111 ln
ΠΜΜἯ. ΟΡΕΒ. vot. un. ‘ l'!

 

