444 - 4444444411444414 4444444444. . - -. - 444

get 144144 441 14141144, 14444 14 144 141414 11444141, 441 14 441» &v 11 nu 1411444411441141111144 1441141 141114 14114

44141, 44411414114441411114411,’) 1141111441444144111441 144111144 144144, 414 4411114144144411441441 4144, 44444 14
1411441144. 11441444 144144141 1141141, 341. 4111. 14 44144111, 1144414144414114,1414414 444 44411441,44111411414411144,
Gn 441 144 144 1441444411, 1414111444111441. 441 144144 144414411114114441414411441144144 44144144, 44411

441 1411 44144444 4444144, Db 4414 11411 1444 14141 4111 14444

14411144, 441 441 14141114 144114 4411141141. &o 141 1414 444

144 4441441441, 11 114Ι 4414411441 441 1441 141 14111144 4114141441414444414141,1414141411444141444411141 4144 44444414

14111, 141441 441444444441,’*)4414141444, 14141141, 4411441441 141441 141. 1444441 11 441 14 414 1414114144 144141411,·)

14111411 4444144, 1441144114 44441144411114, 14414 144114 441 1111 444411111141141,14144144141411444114414444144,441144411114

141 1144111144 11414141 1411441411, 4411441414 4441144, 4441411444 {tin erlgjnqttm¹3 144411 114 144144 144411 1414 441144, 141 14 414 1444
441 44 44. 44 4 444.

w 8 141 4111414 44414441 144111 1. 11444141, 1441444114411

. 1141441441 144141444441144, 144 4441 4141114444 1441144 141 141414111411414141, 141 11, 1144 14441111, 1411414111 4

1444144. 1144444111444144144411114411144,441141444141441» 4111441144141414,14414444441114114,44114414111144414

144111144 4444414 441 1414 144 414411444111144 4411114441144 1111411 144 141414 14144. 141 141 Q, 11144141 4411 114144 4444144

4414, 441444411114411411114111, 141411114141141, 1411414 144414114414414414141444,1441444414411444414141441144,141
44444 1141111144 14411411 4411 441 1444444 441 1444144, 141444 1111444 441 1111414 41411444444144 14441114144, 1441114441,
441144144414411144 141414. 1111411 144 444114444. 141414411441411. 144141, 11144 141144

· 14441144 4111 444 (114114 4441144, 14441111141114411141414141444

11444 1414 44 4411444144 1414 141141 411411, 141144414144 444 14 14144, 11111144441144111 4441441 Q. 144411.
1441441 4414144. 34 144111141144 4144 111141441, 14 41144141 ·
4441411441 441 441411441 1411441411, 141144 41414144144414411 14141144144414141144144441 4114, 144 1444114114114111
1444144, 441 111144, 1111111111 11111 mu, ”nb 1411141144 4441414114414411111, 1441 441144 14111114 41414141 444 14141441
4411414414411441411144 1411. 14411414444414441441441411. 144441 44114111 144141, 14444441 14141414 14414441141414 141414.
144141, 11. (14414. 111. bn 111111, '15³⁰ 111111 11ῐῇ 11, 1111 freis 11414 441141441 4441444114 11 4111, 1144414141444114144444 444
1411. 31444, (11411441 144 1144414114, ’114411 441 4111 1141144 1444 1441, 41114444 44144, 444 444141441 1441414144 414.

4144.

. 114 4144144) 11 441141411444444 4414414411414141144 1444 111111111148111411 (41111111α 11111Ῑ1411ώ111 9111111411ῗὲ
44414144 11, 141441141 14141 1141411 114441141144, 1414444 1144141 441 41114114 1441, 14 4141144 1414414414144 41, 141
444 1414411411) 1444 441111111414111114441144, 141 11,114114141111441141414414144444144141144144144 44, 441
11414 14411411, 444 1441144 1414 114 144 44144 441 441444 1441 44» 1444 41441444 14441441 441 11111111 11, 11114114114144111414
144, 114144411114414141, 14 4111 1414 1144. 1444114 4111» 111111144414444144111444114411144414414441144,141441411
14411) 1141144 44144144 14141, 1411114114141114141444 44144444144,4411411414414144144444441441441411111111,1444
4414441444114. 1441444 1114111114 14441411, 14141411414 144 44, 1411141414414141444144441141114441414 4411414411
144114 1441144 11444144 14144114 1441411441144 14414114111, 1141411414 11”) 144 4441144 1144144 41 114 441144, 141144
144 14414111144 1111414 4414411411 14141144. 1441111441 1144441444 441444144411, 444114 1441141 14141
&o 4444 144111, 1141144 141 1441 4444 14148, 141411441111 1111111111ίῖ ab: 11δ4111ᾱ111ῐ1Ξ40141111ᾞ401τ4π4ω4111ῐ1,1114841141
114144 44411441. 11 4441114, 14 4444111144 1411441144144111111411144 1414414141 441411444141411144441441144, 114
4414414 41444141,4111144141441414441414414441414411444 44144444 fid> 144 1411444 14144144, 14441 1111111144 1411144 44114ε
11144 1414141141, 414 1444411414144, 14141141411441 1411444441441.
441 14111 1444411 444141141 1444, 4441144 44444414141441 441 4444
1444411, 114 1444444141 141414144114 11414 1411444144. 141 11,
114441414141141414111 44111144 4411 141144 11444114 14144 1441411141441114111114414411411111, 141 4411411441
4414141, 444141444441444,1114441414144 1411144, 4444111, 4441 41144141441144411444444414444114411114414441141141411
114114141144,4441414411441414144,144411111414411441, 411Ι 414. 1141441441114111114414411411,1414414114144144111144
141144 4414141 14141 14141144. 144 441 444441. 11144 11444141 1441414441444 44144 1441-441
11 114 44414441 1411 1. 1144141, 11444. 41,. 34 1411 411144» 11111111464141υ11111411414419111141111114111141191ᾙ11111ῗ1ί1ῒ
1441444 14141, 1441444 44144144 14414, 14141, 341414141111 1411114144444411441444414111,141414444444114411441441444
- 1414411411141144411444114441114 4414, 14 44 441 441444» 444141441 144 1414144, 44114441441111411, 44111411411411144
’1444 141, 441 14441441111411, 4441 1141141 4411144, 4111 Ι4441444411 441 41411 4441 4414444441”*) obet 4141141 441441111141141114411
414414141111144,14441414144111441411414 44141144. 41114114141141144441,1)141444141441144114144411144 114
{lum 143141 Β111.Ῐ 1411 δ1134111141, ί1111411111Γ 41 484σῦ411ίὶ1 1444444144 14144144 111.
4444 4 4 444, 444 444 44444, 4 4,
11411 14114141 41444141θ141144144, 14 4444144 4114, 14 4414411141· fflnb ω Ψ* ‘'md'‘ ”mum ς· ww ¹¹¹ w md ‘¹¹⁸ ᾗ
14141 4444 1414 444114141441.14114111141. 114 4144, 14 1411 &⁶¹¹¹oe ᾗ ΨΜ ”nb mstffssffff‘m “¹¹st ΜΝ ‘⁰⁰⁵³‘ m‘o‘f‘um'

11111» »41 4» »4 »414 »14 »44 414441444441414144414141.·14

,) m em *11444441 111 -44414114111 144. 1. 144 11 4141 41411144 Dm uu
14111444111111. 1. 441 1444414111 444 444111 141411, -

, , ⁸¹) 4444444441] 11, 1444441441, ·“) 11414 11414 11] Ed. 4141 111 11414 11414
⁸¹¹) 114 41441 114. 1. 114 1141444 444 4144 ···) 44441] Bam 1. 1. 44414
1) 141 4414 444 144 1444 141] Ed. 1. 441 1411414 4444 04141 1444 141. 1) Gn 141141 4444411111. 1. 1444441 141141,
414444 4411441444 4444444144 ’ . 11)1144414444.4.4144444

 

