165 ’ 11011 THEOLOGIGI GERMANICE: 11111111111111 AETAS. 166

“ 911111 1111111, 11 911111 111111 111111 1111 11111111 111 1111 1111111111 111111, 111 111111111111111111111111-1111111, 9111
11111 1111, 11111111191119, 1111111116111111) 1111 1111191111111111,11111111111111111111111)11111111

. 1111111,11111111111111191(1111111111,11111111111111) 111111111111111111, 1119111111111111111111111111111

1111111111 1111111, 1111111911111111191111191111111 1111111911 111 1111111 11111 111111 11111 11 1111111111
111 1111111119111191111, 11 111111111111111 1111111 111.
111 11111111 11111 nod) 1111 1111111111, 1111111 1111, 1111 11111
ἢ 111191) 111 1111111 11111 1111111111 11 11161111 11111111 91111111111111111111111 1111111911) 11 111111 611111)
11111 11111111111111111111 11111111 11 1111) 1111111111 911111, 1111111 91111911 1111111 111 1119111), 111111 111111
111111111111111111111111 91111119 sub 111111191111, 111111111111, 111 1111111111111111111111, 3111111111)
- 11111111111111111111111191111 1119111191111111111, 111 111 11111111 1111111111, 111111111111111 11111111
111 1111 9119111911 11, 111111191111111111111111111 1111191 111 111119111111111, 1111 1111 11111 11191111
11111111. 111111, 1111 11111111 111 111111 111111 111 11111911
¹ 1111111117) 1111111 6111911111 11111111 111111 11191111),
19111111111111911 1111111, 1111 111111 6111111) 11111, 111 11111191111911119111111113) 1111111 1119111111 1111
1111111111 1111111111 3111111, 1111111111) 111 19111111 1111 1111111 1111111 111111111111,111 11111111 1111111191 11111
111111111, 1111611111, 1111, 11111111, 1111111111 191111 1111111 1111191111 9111111111 1111111, 1111111 1111111, 111,
1111, 1111111 111111, 11111 911 11111, 1111111111 11111111,Ι 111 11111 111 6111111111 811111 11111111, 11111111
1111111 11 11111111 111111, 1111111 1111111116111111) 1111 1111111) 111 11111, 1111111 111111 91111111) 1111111111 11111
1111111111 1111111, 1111111111 111 111 111 111111, 91111 1111 111111 11111, 11111111 1111, 1111 111111111 1111111111), 111
11 1111111 1111111 111 111111 1111119111 111111, 111 11, 111111 1111111111 93111111 [14999 111 111 11 1111 1111111),
- 111 1111111119 111 11111911911111. 311111,111111111111111,111111111111111119111111Ι 11111111, 11111 119111111111111119
11111111111111111111111,111911119111111111111,11111111 111 (1111111, 11111 9111111111 1111. 111. [1. 3.] 1111111
191 ιώ91111991 1111 611111 11111111 11111 9111111911, 11111) ἶ 91111111, 111111(111111111111119111),9111111111 11111
91 11. 11. ·

’ - 111 1111111119 111 1111111111) 111 111111

111 9111111111, 111 11111 11111111 1111 111111911111111111111, 1111 111 911191111111111111111111, 1111111 11111 1111 .

11111111111111611111111 1111111111111, 1111111 111111 1111111 1111 11111111111111111111111. 111) 11111
1111111 91111, 11 11111 jn 11111 11111111, 11191) 11111111), 11111) 1111 1111111111 91111, 11 111111 111 1111 1111111 1111,
jn 911 11111111, 111111 111 1111111111 11 9111 1111111119 11111, 1111119111 111111111111111111 1111111111111111 11111111 1111
111 1111111191111111111111111111111111111111, 11111111116111111,111 111111111111111111191111111 es
1111 1111111 1111111,111111)111111911111119111111191111111111, 11111, 111 1111311111 itte 1111911. Det 1111111 111ῗῴ
6111111 11111111) 11 11, 111 11111 1111191111 1111111111 911111 1111, 11111 1111911111 1111111111 1111111 11111111,
111 1111111111 111 911 11111111, 1111 (9111111191 111111, 1111111111 911111 11 91111111, 1111 11111111111111111,
11111111 11111 91119111 91911111 111, 911 11111 9111 1119111111 1111 111111111111111111 1511111111 911 11111, 1311 111
9111111111 111111. - 11111) 111 91111111 9111 1111 1111 1111 1111191 9911111111 911111
- 111, 111111111111111 1111111111 9111111911 11111, 1111
9)), α99η 5an 9,, bimum„ [aum ⁰15„oe Q, 1111111 111111 111 111111,-111111)111111111111, 111 11111111,
111111 111 1111, 111 111111, (111111 91111 911 1111111 1111111 merofiuss, Qussufflnuffi 23th ”nmmum &³8⁰¹ Μ’
- amend). 913¹·st &md' 999 mih& bie walwen gem 11919116, ἶ1111111116, Qcfielufl 11111 1111911119 tte· .
1111 1111111 1111 911111 1111111119, 1111111111111111111 .
1111 91111911 1111111111 11111, 111 11111111 1111 11161111 mn 1οῙ fm‘l’ ”RQ ΨΜ ‘m “¹9¹¹ ΨΜ [⁰¹
1119111 1114) 111111 111111111111111111111111111911, ἱῖῑ ¹³²³ ffl²pfi¹¹d³²¹¹.”¹¹b ⁰¹²4„ ¹³3⁸* 1οΜ ΜΤ &f
111111) 1111111 1191111 1111, 1111111111θὸ) 11 1111111111 “m bel‘mfl‘t' mmuh! Μ Ῐὶε When·
311111 111111, 1111 11111111 111111 1111 111111111111111 ,
,99) [mm l 999 Editt„ 10' mamam-1143, 0⁰19, 14 1111, 1111 (5311116 &om 11119 ⁹⁹) 1111 ben 1111119111 (531111, Θῠίθ
11111,’ - 111 111111 11111 1111111 9111111111 1111.
99) 9111111ίὲ11 11111) 91111111] 1111111. 5-7. 9. 11. 91111119 1111111

11111 19111111 1111111 11, 111111111 111111 1111111111, 11 91111
ἕξ (111 11111) [dmum 1111111 111 1111111 nod> 111111 1111111111 96) 1111111119] 1111111. 1. 9. 1111111911

91) 111 111111 1111111 111 1911119111 1111111] Edit& 1-1, 9. 11.
93) 111] Edita 1-7. 9. ll. 11 111 1111119111 1111111,

94) 1. ο. multi errorese Stoicorum doctrino derivati 1111. 98) 111 1111 119111191111 9111111111] 111 Editt. ⁵ - 7. 9. 11. sb-

11) mutuum] 1111111. 1-1, 1-1. 11., corp. 1-7.; 11111. 11· ⁸⁰³⁶·
· 11. 9111111111 99) 1111111111 Qu, 11111111 1111111. 1-7. 9. 11111111.

11·

 

