449 Ι. Locl THEOLOGlCl GERMANICE: G. TERTIA EORUM AETAS. 451)

1111111111 1111 1111111 11111111 marten, 11111 1111 11111111 111111, 111 111 11111 11111111 1111111, 111 1111111111

{tgfitffimift„mffimfflge‘fowwgbbftf 1111111111111111111,1111111111 111 111 111111111111111, 11111 111111 1111111) 1111131111111,

bem 1111111111,611111111111111111111111111111111111, 1111 111 1111111119111 fid) (53⁰st 11111111111111111 1111111111Ξ

1111111,111111111111111111,11111111111111111111. 11111111 111 1111111119 11111111111111111111119, 1111119111111111811111 ·

11111111 111 11111, 11 111111 111 1111111111 11111111, 1111 1111 11111 11 11111111 111 gu 111111111111 111 11111 111111 11111

111111111111111111.1111111 11111111111111111111

0252& 11111111111111, 11111111 1111111 111111111111111111111111 fid) 111 1111111 ”up 11111111 11111 ‘f 1111 111111) 1111 1111 1111111 ·
1111 111, 6111111111111111111111111111111111, 11111111 11111111 111 1111111111111 111 11111111111111111111111 1111911111

1111 1111111111 11111, 111111 1111111111111 1111111111 11 111111 11111111,
111 1111 111111111111 111 11111111 11111111 11111111 11111

111 111111 11111111 11111111, 1111 1111111 1111111, 1111 11

Qun 'm &mmmm 1111111ὢ11111111111,111111111111111111. ι ’ Ι

amad) 111 111 (5111111111 11111 11 1111111111

31111111 111 111111 1111111111111111,11101111111111111

11 1 „u 1111, 1111 · 111111 111111111111111
1111111,111111111111111111111 11111111, 1111111111 111111 111111 1111111111 gegeben 1111, 1111111111, 11111 11111111 111
1111 111 31111111 1111111111 11111 111111 111111111111111 111111, 111 11111111111111111111111111, 111111111

11111111111111111111· 11111 11111111 1111111111 111111111111111, 111 111 1111111, 1111111111111111
1111111(11111111116111111111111111111111111111111111 111111 111111 111111, 1111111111111 1111111 1111111111,
11111111 1111 111111 (11111111, 11111111111111111111111111 111 111 11111111111111111111, 1111111111111111
11111111111111 111 1111111111 11111 1111111111 11111 1111 111 &atramento 111 1111 1111111111, 111 1111111 111

1111111111111111111111ἓ111111111111 1111 11111111 1111111 11111111, 11111111111111111Ἢῦ

111 111 11111111

1111111111 1111111111111111111 1111111 11111111 11111111 11111 111 1111111111 111 111 111 1111111111 1111111111,
1111111111111111111111111111111111111111111 1111111 1111111 111111111111111611111111111111111, 11111111
1 11111 1111111111 31111111 11111111, 1111 1111111111111111 121 ς, Quum 11) 11111, 4, [10 1,] mmmm 111 11111111,
1111111111111111 · 111111 1111111, 11111 11111111111111, 11111111 1111111111
, . hung 111 1111611111 11111111 111 1111111111, 111111,
(11111111 1111 111 ,1111 111 1111111111 1111111111 (1111 111111111111111111131111111111111111111111111111111
1111111111 31111111 11111111 1111 1111 111111 1111111111 1111 111111, 111 11111111111111,311111, 1111111111 11111111·

1111111111111111111 1111111 111 11111 1111111111 11111111 111 111, 111 111111111111111 1111111111161111111111111
1111111 1111111111 111 11111111 11111111111111111 111111. [m ωας,

1111111111 11 11111.

11111 111111 1111111111 111111 1111111111 1111111111 1111

1111111111111111111 11111111 11111111111111111111’111111111111111111 ,
31111 11 11111 1111111 111111 1111111111 111 111 11111111 1111111 11111, 111 111111 111 11111111
111111, 11111, 61111, 111111, 11111111 1111111111 1111111111, Ι1111 &flvmen 11) „nb bie 1²35&ss 311111 „nb mmmm bh
ἓξὲ11111111111111111111111 1111 11 1111111111111111111111111111111 1111111111 1111111111) 111111, 111 111111111111111
1111111111 11111 (1111111111 1111111111111111111111111111 11111 1111111111111111111111111111111111111111111111
11111 11111111 9111 1111 1111 (1111 1111 111111111111131111111 1111111111 111 11111 111 11111111 1111111 811111 11111111,
11111111 111 11 111111 111 11111111 11311 11111 111 1111111 111 111111 in 1111111111 1111111111
1111 1111111 11111 1111111111 111· 11116111 1111131111 111 111111111111111111,111111111111111111111111111111111Ι
1111 1111111111 11111 1111111111 111 111111111111111111111111 111 11111111111111111111111111111111, 111 1111111111
111 11 1111111 111111 1111 11111 1111111111111111 11 111111 1111 111. 1111111 11111111 111 11111111 1111
11111 1111111· 111 1111111111, 111 1111111 11111111) 111 111111 11111

1111111111ῐὶ1 (11111 1111 1111 111111111111111111111,
, 111 1111111 111 61111111 11111 (1111111111, 11111111 9) t q.18ueignung.
111 1111111111111111111111 1111111111 111, 11111111 11 10 ὅ ul Edi 5-7 9 n
1111 1111 11111, 1111111 1111111111,11111111111111111111 1, '⁹3⁶ ¹¹⁶] η· “ ’ ‘mu‘
111111, 1111111111 111, 111111 11111111 111, 111 1111 (11111 1111111111
1111111111 111 1111 111111 11111111 1111 1111111 6111 1111111- 111111111111111141· 1110011· 1-1· 1111111111
11 1111111 1111111111 11111111 111111, 1111 111 11 11111 11111 ι1)1111111]111111-1.1.11.1111111

11111111 mit 1111111111111111 1111111111, 111 31111111 111 14) &mmm 1,, m] Q 5 - ⁷. 9. η, com. 1-1. 3, ².
111 1111111111 11 1111, 111 1111 11111 1111111111) 111111 11111111 um

nuniz 11111, voum 11

 

