331 ΡΗΠι. MEL. samm DOGMATIQA. 331

1111111111,11111111111111111111 111111, 11111, 1111111111 11111111 1111111111, 111 1111111111 11
1111 111 1111111111 1111111, 11111 111 111 metet, 1111 111111, 111 (11111. unsset 1111111 111 chun t ba. 1111ῐῖ111,
1111, (11111111111111111111. , 111 11111111111111111, 1111 111111 1111111111 11111
ν · ο 11111111, 111 11111111111111 1111111111, &ratim
1111111 1111111111111111 1111111, 111111 111 1111 111 1111 111 111111 1111111 111111, 11111 tebet Θ. §Bau-
1111111111, 11111111111111111111, ,11111111 1111111116. [4.] 311111111111111111111111,111
1111111111 1111, 111111 11111111, 111111 11111111, bern 1111 11111111, §vitiet 111111 1111111111 1,
111 gibet 111111 heiligen (11111 11111 1111, {lbet bet 13111111 1111111 1111111111 1111111111, 11 1118111
81111 11111111 1111 1111 1111111, 111 11111 111111, 1111 1111, 111 111 111 &efen 1111 1111111111 1111ι ,111111
(1, 111111 1111111111 111 (1111111. 111 1111 111 111111, 111 111, 3111111111 11111111
(1111111111, (11111, 1111111111, 1111111111 bet 111
· 111111 ambige 1111111111, 111 1111 111111111111111
, 1111 1111111111111111 1111111111 gu 1111111 1111111 111 15. 1311111 11111 1111111111111111111111
11111 1111111111 (1111111111, 111 111111 1111111111, 111 111111111111111, 1111111111111111111, 311
1111111111 111 1111111111 gegeben 11111111 1111111 [um (11111111, 111 111111 1111 11111111, 11111111
1111111111 11 111 11111111 1111 1111 (11111111 1111 111 1111111111111111111, 11 111111 1111
1111. 1111111111 1111111111 111 11111111 111 11111111 118113111111111111111,,111 1111111111 11111
11111111111111111111111,111 1111111111 1111 111 1111, 111111 11111111 1111 1111, (11111, 111111)
111 11111111, 11111 11111 ztan, 1111111 111 1111 11111 11111, 111111 111 111 1111111111 11111111 111 wege .
1 11111 1111111111 111111, m 11111111 111111, 111 111111.
111. 8. [10.] 1111111111 111, met (11111 1111111 111
1111111111. 1111 111111 111111 111111111111111111
bet 1111111111, 1111111111111, 111 13111111 11111111,
111 111111 mouet 111111.

11111 matt 1111111111, 111 111111 111.

Rom 111 61111. 11113 gum& [tm &Q‘ssffiffifl‘ff wa

1111111 1111111111 111, 1111 11111 111111, 1111111 Ἥ
1111111, 111 1111 11111 111111 111 (11111, 1111111

1111111111 11 1111111111 1111111111 111111 111 11111111 111 (besee 11111.

1111111111111111,111311118Ξ1111111111111111, 111 1111 111 suntet 1111111111 111111 1111111111 11

1111111111111,1111111 111 11111111 111111, 111111 1111111(1111111111111111111111111111111111
1111111111, 111 111 111 1111 bet 1111111111 111 111111 [engen 11111111 11 11111111 111 11111111 1111 1111111111
111111111111111, 11111111, 111 111111 1111111 11111, 1111111111111, 111 1111111111 111 11111111, 11111
1111111111111111111111111111,1111111111 11111111111111111161111 111, 1111 11111111
fsstm 11111111 gegeben 11111, 11111111. 1. 111. [1. o, 1111 1111 11 1111111111 (bem.

7.] 1111111111111111, mura> ben 111 (11111111 11
111111 (11111, 111 Qube, 111 nm.. 8 [9.] {Bet 31111111111111111111111111111111,1111111
Ι11111111(1111111111111111111111, 1111111111 nonomen) 1111111111 11 11111111 11 1111111111
111 1111111, 1111111 1111 11 1111111111, 111 1111111111,11116.1311111111111[1111111] &ott
1 111111 11111 11 11111.111111

1111111ιί11 e teht

1111111111111,11111111111111111111111 111 111 11111,11111111111 f» 311. ,2.

· 1111111111, 11111111111111111111 11111111 11111111, {mr 111111 111 11111 1111. 11111 11111 111111 111 111

ν 11111113111111111111 111111. 1111111 111111111111111, 1111116. 1111111 eam

111] &Bit 1111111 111111 1111111 111 &mrim
1111 111 &ein 1111111 glauben.
1111 1111111111 1111111111, 11111, 11 dnm
111..11111111111111111111111 1..1111111111111111111111111
fuget 111, 1111111111 111 1111111111 111 111111, 111 11 11 (1111111111 111 111111 1111111, 111 meto, 111
Εἱ11111111 1111111, 3111111 111ὥ1ὒὶεςξε11ἐῃθ1111ὲεῖττὲῌ *-
11311 wafgegggeciltlgltb Ῐέηθῗοξιηξηθῑ 1111111111111111 ⁸2) 1111111111] M 1. typ. 1111111111

 

